730
1172470
578080
1623730
440
1938090
1063730
2358720
271590
550
304930
1599340
236390
2246340
553850
230410
1245620
105600
2694490
431960
1086940
291550
4000
1085660
359550
252490
552990
346110
413150
242760
1491000
238960
218620
291480
901583
899770
340
1091500
381210
990080
438100
292030
945360
1097150
49520
227300
892970
739630
444090
1203220
320
70
582010
227940
252950
108600
1966720
1174180
1517290
1240440
648800
386360
444200
10
240
3164500
755790
400
1222670
550650
322330
239140
477160
251570
100
1665460
417910
433850
594650
814380
1116170
220
107410
1326470
219990
255710
261550
8930
304050
289070
377160
532210
2186680
1238810
3241660
221100
526870
1089350
632360
1811260
204360
218230
72850
394360
489830
322170
1446780
224260
203160
275850
367520
301520
767560
2050650
466240
284160
278360
264710
80
370910
40
275390
2881650
311210
333930
1172620
22380
250900
700330
10180
582660
1229490
1046930
1426210
2195250
2183900
883710
219640
306130
244210
268500
1794680
1818750
242050
30
236850
363970
253710
379720
273350
1782210
844870
601150
1286830
365670
319630
1293830
1145360
671860
427520
221380
231430
813820
594570
391540
976730
646570
588650
268910
439700
500
1118200
620
1551360
1049590
380
360
779340
233450
782330
223710
677620
513710
1677740
109600
420
397900
698780
435150
1100600
1604030
534380
766570
548430
294100
273110
868270
863550
1237970
555570
10190
424840
2669320
518790
365590
223470
241930
346900
3240220
440900
374320
304390
1868140
208090
48700
2630
12210
1144200
113400
1332010
206420
380600
225540
285800
286690
223750
1593500
386180
1238840
812140
1721470
960090
55230
262060
761890
2001120
281990
252130
211820
8190
6060
508440
115300
42910
39210
1222680
351940
1250
2623190
323190
1716740
813780
630
57300
395170
20920
212680
504370
286160
311690
355840
1145350
1366800
1196590
613100
1172380
202970
304430
3590
1260320
33930
212500
457140
620980
1222140
1817070
205100
24240
1506830
871720
962130
356190
274190
234140
8500
552520
7670
760160
1203620
270880
601510
397540
12120
236870
674940
884660
701160
1832640
208650
48000
2379780
298110
42710
200710
203770
1903340
244850
1366540
2709570
201270
389730
10090
1259420
261640
220200
1142710
265630
219150
418460
312990
211500
506540
20900
552500
1057090
359320
214950
9480
245170
207610
35450
285900
232090
42680
918570
1771300
447040
200510
361420
33900
209080
307780
335240
403640
99900
1289310
287700
460930
219740
96000
35720
387990
880940
409710
686810
418370
50130
1454400
379430
274170
232770
1363080
585690
289650
17410
4560
2479810
233130
1056960
976310
202990
355180
678950
1151340
299360
213670
262410
224600
368230
3097560
335300
233860
391720
240720
838350
238320
282070
412020
1158310
2567870
265930
214490
362890
438740
617290
588430
1943950
203140
12100
905370
1056640
1942280
238460
38400
881020
65800
204880
235460
581320
34330
387290
728880
391220
8870
372000
239030
629760
646910
367500
13520
967050
2399830
648350
471710
1372880
524220
305620
475150
47870
629520
282440
436150
1304930
550900
33230
427730
221040
1274570
1222700
1468810
287390
570940
1272080
316010
105450
1167630
11020
12200
881100
1313140
261570
1361210
221910
238090
242720
1250410
644930
641990
1254120
222880
1569040
201790
203290
2670630
286570
787860
466560
207140
1092790
431240
248570
107100
209000
24960
848450
286940
740130
17390
530700
2622380
220240
1217060
1248130
437900
635260
259080
414340
42700
108710
55100
1520470
644560
1263850
407530
774171
279720
201810
319510
1888160
674020
310950
952060
1466860
949230
388410
1904540
544810
611500
50
1408720
310560
1845910
254700
1029690
12220
308040
815370
470220
302830
242920
236110
383870
1399780
1237950
312660
502500
632470
200260
393380
40800
303390
280
783770
212070
110800
50300
41070
1284210
35700
485510
210770
282140
495420
323580
225260
2835570
464920
493340
9900
7940
343710
504230
394510
265590
1128810
325610
1643320
204450
63380
268420
482730
360970
22370
349040
204100
823130
1184370
640820
47890
637650
703080
460950
35140
50620
337000
433340
238010
527230
39120
307690
2054970
266840
645630
1790600
300
368260
389570
736590
1637320
409720
975370
15620
1371980
993090
476480
65930
2215430
1277400
3132990
606150
602960
342200
1824220
55150
8980
900883
312530
1139900
1343400
738060
893520
234650
744900
314160
1364780
9010
554620
368500
17470
204300
630100
750920
436520
1659040
788100
858820
680420
678960
1611910
206440
613010
424280
212160
1030830
365450
302510
22330
1687950
113020
238370
3070070
977950
6860
1057240
511470
268050
389430
289130
488790
493520
546560
439190
67370
845070
453480
633230
32370
476600
1404210
1557740
1619450
683320
2551020
1536610
386940
346010
924970
349700
208140
206500
57690
2322010
274940
412220
1290000
1286680
39500
872790
291650
17330
1533390
606280
10500
1476970
1262580
246620
319830
324800
341800
322500
939960
239820
509980
364360
492720
12110
460790
627690
1213210
569480
2021910
242860
239160
391460
636480
2100
21690
228280
629730
2420510
113420
706990
269210
304240
621060
48190
638970
24010
228380
327690
417860
1058020
1262350
582160
287450
582500
22320
519860
442080
704270
40990
1627140
612880
638070
3146520
537180
232890
6000
1049410
1343370
1238860
961200
2527500
102600
870780
24980
312520
285190
202170
235600
34030
459820
47810
280790
1313860
2280
637090
690790
704850
424370
851850
243470
491950
1384160
2622000
1061910
247080
392110
47830
214420
9340
438040
752590
736220
933110
24200
304670
228200
233720
1483870
692850
1241100
15100
1282100
287290
1225330
4920
1515950
19900
979690
130
809960
232050
47790
253980
292730
774361
34270
4500
251060
32470
837470
834910
454650
1238820
1284410
323470
1089980
1147560
214560
225080
237930
96100
113200
2310
599140
1840
65980
373420
1621690
311860
1089090
942970
41500
1778820
17080
1522820
23310
487220
34440
4570
2322560
2344520
10680
6880
216150
443110
378540
527430
753640
334210
206480
583950
921630
215080
65790
311340
535930
332070
414700
270150
292910
447020
17300
1282730
32800
102500
8850
899440
418240
207230
20570
17460
383150
224760
1178830
510840
2012510
297000
1151640
334230
418070
364470
1190000
601430
263500
4700
39140
675010
220440
240320
544730
337320
350640
2231450
552100
1475810
427270
392160
346330
3910
1380400
805550
41000
1284190
2064650
56437
585420
1562430
1987080
666220
245620
529340
657200
209160
6850
1388770
603850
32430
253900
1113000
1016920
955050
1929610
1850570
2096610
446800
250400
209170
1211020
1296830
410320
261110
208580
775500
447820
1599600
475550
257510
474960
237110
444640
843380
560130
4760
568220
202750
257350
1676130
34870
224540
816020
699130
681660
462780
34460
448510
1129580
1307550
460920
55110
278080
996580
231060
108800
1094520
673950
747660
6910
239350
360430
215280
1030840
673130
377300
323850
2552430
823500
841370
204340
794260
299460
2680010
1755910
1266680
265550
246900
253960
450390
920210
17480
249130
1017180
26800
1515210
1147550
640590
434650
1774580
431730
780310
261030
226840
374040
1328670
1044720
668580
544750
972660
1150690
9450
921060
490220
1301720
274520
70000
239200
257420
1335200
34450
1888930
654880
625960
1509960
2206460
1544020
1447430
515690
7760
104900
339280
1201240
262280
1686940
859570
1846380
313120
1435790
1062090
21100
2096600
1259970
400040
512900
383080
573090
1268750
20510
774861
1169040
1501750
969990
361280
516750
210970
457330
715210
311240
4580
584400
860510
2400
423230
356670
682990
13230
977400
295110
31280
1940340
1262540
38410
12810
418530
9420
3830
992300
212740
217200
16900
304650
448470
13210
233270
20
9200
3117820
383980
288470
368370
394310
226700
505460
481510
250320
302670
311560
736190
243970
230290
2338770
614570
655500
333420
57900
496300
2456740
1291340
21120
21110
450540
242700
249050
258970
429660
201870
617830
1809540
304030
1462040
729040
1672970
747610
1022450
400250
1041720
1527950
326460
950670
40700
12900
1930
2108330
223850
1451940
290340
997010
1029550
668630
437220
553640
21090
578310
2252570
794600
234630
339340
3900
1012880
489940
2390840
378860
382490
745740
731490
282800
517630
42960
32440
115320
383120
557340
39000
690640
577800
214510
1252330
362960
235340
107310
250820
1161580
1088150
2320
236690
1096530
213610
790710
541570
1455840
710920
670290
1124300
269950
329050
247120
300380
1253920
332950
232010
1184140
339600
410900
2296990
283640
397950
1173690
371660
1966900
20500
437920
40970
715220
1605220
218680
826630
996470
1919590
48720
12140
1206560
233290
903950
2300320
1295660
997070
1325860
916440
858810
1407200
1244460
238430
1118310
882100
206210
205950
879160
1210320
1106840
728540
1657630
1119730
285160
246420
1817190
1448440
1810580
244450
282660
1325200
960990
383180
209660
751780
544920
226860
1418630
939400
2321470
268870
953490
698670
329110
1418100
1264670
1128920
205230
214340
17570
610080
1258080
2713550
962730
375910
1262600
1237980
911400
2679460
1419170
1337520
1134570
2212330
2420110
1062520
994280
1222730
1669980
368070
872410
47780
2440510
531510
23490
1036700
469600
22300
380840
236090
17430
92800
6920
1244800
1789480
22000
571740
34830
335330
420530
377840
1671210
209670
553420
611790
21130
215530
235540
597170
627270
293180
626690
867210
1328660
221640
211420
251950
332800
2780980
595520
1066780
707010
1262560
301640
215100
530620
357900
1080110
1104450
301750
234710
686200
1627720
2161700
865610
2221490
317360
648120
1007040
399810
1065310
536930
403190
208200
1468260
339800
1189490
1473480
219890
413410
575090
341940
536220
559650
32500
667890
666140
522210
310370
1262240
669330
250180
41700
999220
422100
10150
412880
489630
208480
463710
244160
567640
376570
1214670
330020
2878980
607260
1377580
625340
1302240
690040
555160
1148650
678800
1549970
404790
13140
619820
1718570
1382330
400750
558100
359870
787480
427290
365360
1369630
1222690
1227890
434570
590380
631510
329430
1490890
252530
960170
244930
915320
1922560
1049800
1385380
352400
237310
1465360
347560
1097840
375480
411300
578650
736260
404410
513780
931690
1256670
2051620
859580
1164850
224480
225840
803330
1703340
575110
763890
480490
1677280
2000950
280160
2058180
738520
2130
222480
9350
91600
350080
1338770
1113120
1238000
410110
597820
1954200
485610
1285670
362680
689580
331360
1127400
257850
313160
2593370
493900
19680
479130
298240
1116960
240760
247000
493490
46500
1283970
1245250
1812620
22600
1226470
2990
312670
384190
17340
875210
1985810
861650
445980
2140020
65540
501300
319910
409160
1162520
301910
562810
955900
1543030
351470
17450
1084600
677120
960910
367450
1025580
388090
489520
3990
2138710
1549180
1659420
1361000
1949190
704450
690830
650700
211600
386070
323910
1336490
230230
201230
238260
1850740
391070
1149460
1009850
838380
1207650
835860
203750
2408820
1669000
970830
368360
1692250
374280
376210
512470
1133060
476620
253030
985890
212800
28000
1030210
468920
488860
394230
375230
1693980
1432860
1971870
1249800
1388880
39190
1674470
228300
569610
343270
814540
234330
1397920
242640
1209040
813630
217750
205710
414530
1105670
711810
298260
2141730
1451190
40390
91330
839200
287980
1088710
2427700
760060
359800
1989270
12830
1003590
297130
731040
545110
7520
885970
1359090
895870
1233570
305050
847370
241540
249230
1592190
1372640
1333350
342180
2700
485310
206190
439350
1288310
609320
264200
427410
1881700
1948280
24790
673610
1120810
1390350
1469280
1010750
620590
331470
529180
2208920
1178490
1449690
2406770
1108320
891040
428950
390670
321360
519190
606880
690510
237850
724970
1147690
274920
212200
45760
638230
359840
1970580
1017900
370240
798420
257730
1015500
327030
1898300
337950
446150
1127500
508290
346940
48240
331600
418340
400630
8000
247430
466910
453820
1436930
212480
2103140
348250
317470
1644960
214170
1341290
330840
567630
3244220
263060
1040200
324810
511800
1584090
806140
528670
393420
1601580
356310
1267910
207170
48220
263540
40300
20530
2290180
215830
462930
385800
1301210
237990
427190
32380
294860
25000
2198150
607050
746850
743450
6020
610370
24740
1512530
16450
24720
211160
17500
21000
546050
537800
115800
58610
7510
564710
716350
268850
405310
107300
641320
1013320
1647160
1102190
895400
506610
218640
99300
332570
255520
384300
22100
221680
225420
396750
493540
694280
551170
1911390
320240
503820
412830
1372280
71340
402570
905640
248390
1139980
239070
2239150
1340020
1241510
300550
204030
605740
329000
2027330
1649240
1715130
866800
247020
1171690
268750
285920
295550
402180
12150
1475380
242550
578330
300080
321960
1522870
421020
1061090
589290
222730
531640
433350
921570
445220
449960
2163330
679900
2369390
544330
653530
1213740
672680
1316680
234670
719040
1225570
485490
589360
1063660
2181930
946050
252410
250760
667970
223100
266430
292120
1521580
393080
289950
1777760
6900
39200
654990
1068820
987840
894020
515180
457550
397060
332310
991780
1444740
1656780
780290
1092660
31270
1040230
1016800
64000
916840
1200
1088090
9880
819190
1238040
807120
1817230
1029780
831450
521890
1149620
732370
2066020
2231380
513000
774181
385770
404730
1088850
973760
1771980
46510
795100
1147660
351640
1238060
973580
629820
451340
298630
591740
312280
700600
354140
936790
501590
365300
217920
16810
428690
1282690
2532550
1504980
266510
673880
2124490
573100
528230
20540
529920
91200
307110
1105510
320300
351970
204060
368340
17740
2384580
1189630
567680
442120
2218750
330830
29900
1934680
1859910
658850
1343240
345180
1170950
865360
405640
215790
1278480
874390
611660
360830
274900
1173770
249650
851100
834530
557180
288160
6030
1113560
2378900
2114740
32360
3017860
385760
2058190
1275350
6980
360940
503940
424030
1244090
539470
1458560
1104640
252150
22350
761620
326360
1128000
1089130
305260
753650
2849080
939850
2300
343360
550470
397340
464060
774801
255220
49600
1158160
728530
2135150
336390
2142790
252870
644830
1843760
223830
360170
248820
1681430
72200
97100
1026680
276810
462770
95400
548570
574820
774241
681280
593600
203630
1041320
1510
1547000
473690
447530
315430
413420
3700
508170
248610
256290
13250
758190
1195460
252850
2381590
296470
260230
212390
219830
200210
824550
1135690
2437170
666860
372800
78000
503560
2140510
429050
33229
909080
1496790
285330
1259980
1782120
954740
784080
732690
311290
941460
2336220
362490
2772750
784150
236150
533540
921590
434050
232910
382310
1471410
272510
398710
448630
2095300
326960
248860
94400
1562700
1235140
764790
320040
231160
1206610
2144740
799960
1021210
343780
1142500
994730
234080
745920
281610
1064610
2488620
2600
598980
616560
242880
401680
443810
202200
718670
371970
576120
1238020
1402020
40100
2820
2707900
418500
1243830
382120
1180660
459220
39150
220780
335670
927350
1227690
18500
405900
587620
302590
11450
369990
351030
1046030
954850
293260
39510
1182620
506140
1677770
429570
622650
1367550
1182900
421050
2230410
1611600
613830
375510
505230
270570
712100
1012790
504130
1948980
253430
2129810
451880
597220
536280
647830
621830
31290
364050
552620
2060130
1414850
15700
1794960
265300
1279610
816090
482920
1180380
1676840
15120
1434950
1182020
632350
253230
934700
533780
1408680
230190
604240
2200
2088570
250600
224960
1331550
601840
6840
32510
22490
298180
268130
1097200
2334730
692890
396160
429470
790740
242680
449680
334920
213850
8800
385080
398850
2828860
1056600
2273430
323060
384180
98200
353380
47400
1895880
233980
667530
11610
453090
769560
287920
695630
933820
3020
4770
438020
1170880
410340
12710
498240
495910
214190
341310
667720
597760
227180
486310
1645820
1488200
108200
2270
1144400
249590
1649080
572890
219780
1608070
444480
1330470
874240
1448530
1766740
1071870
1273400
1106850
1437880
1372810
356570
611670
588030
458710
291410
438640
950100
274290
513590
7600
290300
1421250
882790
2187290
897330
229480
814370
363490
239120
480430
619150
222940
44340
13560
315210
454200
303210
2515020
307290
1458140
1374490
3480
6370
289690
1787090
734750
314650
277590
1281630
1403370
8140
2457220
1577120
33100
469820
70600
266210
637100
70300
2108180
322190
1282590
1216710
1401590
422250
928600
1115690
1111460
1164940
1364100
3330
6870
300040
1294660
1373500
674140
394690
298050
1227530
1240210
1939970
474750
303610
999730
553790
513510
1122750
1150440
408900
1329500
241560
71250
665360
1049890
1874490
91700
98400
707030
410210
1465460
324310
221260
438180
327640
586380
39690
378760
1578650
1903620
313690
258520
321400
927380
420110
1110910
1876890
362930
1281590
990630
496240
964440
636150
293760
2072450
1840080
535760
790820
1436990
1241110
15170
2620
233840
1466640
809140
311260
1000360
1009560
12130
822240
415200
1634680
777130
313340
356880
25890
270850
599390
463530
2415010
400910
494840
232430
2063400
258180
732430
773951
981890
236430
799600
874260
263760
546980
637310
349720
285310
898750
245280
756800
1222370
967250
2651280
3340270
1486350
247950
776960
1186640
253250
1140620
382110
13600
314970
1140440
372360
427100
1486920
914620
2796010
2109460
491530
205910
388880
2446550
2080690
1070330
555220
213650
1921980
8080
218410
482400
49540
1218740
2810
523660
1157390
1493640
353130
107200
235210
1332720
737800
378370
420290
375820
592600
1486630
209540
1562420
1307890
1031140
1191840
1574580
272470
287370
314000
3320
9050
35130
1594940
1532690
290730
104200
338540
2870
438680
423710
260430
705220
342980
211400
435120
244090
2732820
70400
1811990
1283220
517710
402560
39680
338180
7000
433950
1286350
641080
224920
244050
1094710
403900
570780
1238080
1392820
603360
341000
45740
420560
205650
261180
665180
1112400
234390
1928980
1948800
22650
2909400
846470
7650
805850
1048540
743890
1364390
1363430
385070
460810
293540
740250
1801110
407130
1069160
356500
1085510
282900
284950
447850
1123770
304530
690530
1275670
691260
2365810
239430
94590
512790
351920
340840
368990
94200
530330
234510
986130
393530
547960
1340530
1293160
671510
586980
1660080
607080
38420
357190
22610
1296610
977880
385730
298160
1096710
1792250
1179680
442070
8600
1364020
824270
318600
226580
1079260
883860
2015270
418030
214770
402710
2294450
673750
449200
2194780
1353300
1504570
34010
562860
1281800
421120
353640
266410
1129310
436180
2172180
872670
333600
1218210
723780
1571440
929010
2967460
785740
248550
1275890
313730
893180
344760
675260
1963040
1135230
919640
1276790
12360
1506630
316790
1583230
1098292
1173820
629380
314020
587790
656350
624270
677160
1114940
406970
1761390
202530
337340
319150
24840
1158980
24800
24780
355790
267530
388210
1335790
295790
846770
200940
211740
434460
435790
334310
224940
301970
1000010
900270
420740
588140
569860
1880330
2683150
2128940
438480
7830
215510
1072420
1197570
586140
1519350
65780
218740
1367590
1604000
332500
812810
2665680
1036890
563120
218510
1615290
488210
1590910
383270
1286580
311730
575860
6830
1579380
1371580
239250
375950
220860
225600
1166290
792300
2475490
426000
1110390
402390
1546970
1237320
1849250
280180
278460
1119980
714120
730310
643270
1078730
1339140
501080
705210
1812450
236370
207690
757240
680780
250340
1178030
1568440
699170
365960
2878200
1179580
1286530
2695940
2302660
251150
2361390
587860
26900
1477830
963330
222750
218820
449140
1342330
215930
1172650
1032430
40960
1150760
688420
292410
1191330
425580
239660
2531310
1407530
924140
266310
1129190
1160220
9310
410710
952070
2059790
6800
1730590
618140
965200
34900
797430
1252600
800270
691020
2351560
298900
283880
368390
314410
403560
375530
429180
1556200
381990
328080
33110
1386900
2445690
1712840
1084520
757320
1204050
3320100
2803960
200900
920490
436110
400940
757310
1220010
1239520
1433140
466300
2666510
1003890
1024380
39650
816340
837380
280640
892420
359900
209650
684410
1404850
39160
443580
1318690
764030
764050
245470
466500
530070
274500
755800
60
277430
520440
526160
861540
518150
1170760
976590
547680
2993780
321270
1229380
1469330
258760
435530
98800
384490
360740
512250
2763670
412470
1410640
692530
1016120
264140
2071280
1662940
1591520
102840
13570
829590
893030
1563180
233700
1283410
1525700
293780
333950
1533420
243040
1583320
557810
496680
595280
386280
1275630
934780
2194530
493370
262940
408410
333640
1148590
868360
979060
456670
498660
329070
253940
897450
1084160
589780
979110
1138850
2495450
231140
1476720
513560
3920
729000
753420
249990
2768430
2155180
514900
299740
314660
1255630
1351080
470310
875310
294040
382560
1267470
571310
926990
699920
402840
1024480
839770
401190
1651560
979080
2646460
33120
674750
268650
2232840
2248760
952860
25900
336510
915810
40400
805940
1105420
750130
572410
1220140
667600
578620
26500
3297010
38700
1203630
252610
1104280
17440
2162800
220740
493650
1140270
327070
447920
340050
1808800
598330
813230
234270
7660
2217000
1126290
304730
825310
600750
326160
327410
562360
984110
435400
1079800
983970
1271700
1624540
444490
550010
2290
400240
254960
1587130
2315690
1971650
3321220
1559390
570770
966330
1035930
808290
498320
1714320
1377380
326410
99910
1197260
2210
857980
387860
269770
1328350
487120
2084030
3483
1900
370360
540840
695920
204240
1190970
9160
25800
363890
340540
2068280
1121640
1368030
19980
243930
1310520
386620
354640
528510
208750
1874880
215470
434170
226720
57650
1205520
2555030
663390
115110
608990
224300
212630
558990
869760
422970
372540
1412190
1097130
1484720
296870
41100
1362420
1278060
1938010
1556790
2357910
363930
95300
1822030
237630
1264280
1252780
207490
1272320
522470
466170
40950
265210
2378620
312450
895620
8170
222520
1288320
647960
108210
423880
1468720
2056220
746580
318430
297020
1732190
307960
1216320
32390
214870
391730
513230
37420
572430
214730
2437510
376870
2239550
499420
21980
317410
29800
313740
1236300
784950
260410
1495250
991170
1593030
404590
1016950
986220
231200
1184050
225320
212010
940710
1028470
356040
1173810
485980
1092700
886250
586200
253490
1196630
2166060
274560
264380
606800
527760
448070
1225560
2420
1098540
321800
1213700
536270
504210
922320
213330
593280
1461810
652980
1708520
41050
12320
3170
200170
354290
204180
619910
719310
992310
1592670
245390
334040
543460
308060
913740
251990
243200
269670
545650
499520
1173510
1042550
323320
381940
1114150
1972440
391260
115120
994220
423580
1230140
557780
900040
473950
241260
951440
208730
520720
366250
345350
814480
2656540
1367170
543900
287120
1295920
1443200
2521380
465520
243800
419480
204530
4850
2918150
341720
848350
346120
452060
214360
960690
15320
1293860
1477070
397720
1618540
296970
527770
1580520
553310
33460
644570
557600
562540
1062810
467960
661130
627950
651670
322110
61700
611020
1051690
466130
1737340
1740720
1877970
344740
840800
225000
1092710
391780
1124660
33320
1121910
1296360
493200
1330000
235800
24870
456750
1097420
312780
292630
708720
480650
473560
275490
1295510
42670
1361510
1067310
314450
502550
1437820
237950
1509510
1431610
1700
385270
24810
406350
461910
203830
2653790
1637730
604500
604540
312610
1520
664430
454120
1230170
417290
247910
201210
978460
201570
441870
2399420
1881200
266010
1457080
255320
1218250
1651880
1927720
278970
1236990
696170
1305420
1937500
1114220
504490
1184810
220820
250620
94300
1094030
873940
604990
1324130
1214280
22200
2192640
461560
306040
270450
638490
105000
214790
386880
662320
311310
1639790
230270
312750
1194630
495140
1194930
658570
6550
340170
607890
250260
2795640
236450
617670
979070
914710
2291850
3146110
214700
13240
363680
201480
788770
263980
286100
240440
329440
214970
256330
1977170
2622240
742300
598810
718850
1995520
1629520
919370
397870
1062160
959080
227860
1239080
264240
327140
1263550
65080
599750
2920570
557260
353270
253650
366090
233470
219760
2464530
380150
2904000
1705180
491540
1043260
3167550
778700
3194160
1869090
1072920
312840
2800
300970
32460
373930
489360
17710
1594320
306020
1944430
586960
287371
15560
2104890
261530
680360
3358510
674400
29180
937170
1221250
1250760
286120
371140
1098293
220260
1072390
1546990
242940
1556870
323220
914800
1016600
254060
286040
333250
397460
320340
2933080
1293230
772540
1259790
1161170
702670
220660
1039880
1282150
1677350
794540
307230
728740
1588010
825380
1066890
1492070
1343620
7110
1456820
339610
562590
246580
337410
584980
244070
1888430
1859280
495890
893680
1021950
431930
231740
821880
38740
371520
318100
1857090
444940
515570
2784470
1136160
1388590
15130
1230530
1162750
261510
700030
743090
1137460
792100
272600
444220
2202770
453980
1406850
400510
1369320
327220
251470
958400
1545560
269790
19830
271260
234190
314430
1024890
35460
752060
615530
1944570
1466060
406150
1010800
1693970
1163550
1294420
500810
2701660
589590
354240
632300
1985170
575720
1076200
416680
200390
3168200
310060
1086640
292140
444250
1108370
1440440
1743850
1109570
70660
1239690
575640
1079310
1610440
241600
1462570
1432050
242980
2215080
1963370
676820
532110
433550
765810
342560
18700
1372110
255420
2084940
219910
73020
742120
266130
461040
1230410
35000
1127700
1097430
1176470
2677660
1895130
691690
3730
406290
6010
1706310
965580
518800
429540
1106750
924980
243780
560260
2795000
525300
829110
357290
645260
1102130
344130
1055430
820520
684450
1272160
1520370
1473350
224860
939620
334270
302080
387340
1444480
13580
3071770
747200
663380
1216200
1406990
1170970
1911610
2909110
249870
221540
1286990
208500
209730
744190
289780
906100
72000
250520
373390
13200
45200
487000
444690
718650
797410
587430
336670
496460
428660
415960
1002970
674500
1202130
469890
252110
867290
1527460
1150080
1746030
241910
893850
2840
225280
363440
243120
597180
1839860
1361320
356650
1651960
508840
1674170
227100
207650
228400
1369670
313010
65300
1606180
485950
428550
502140
307880
1668690
299480
1324780
364420
2063480
871930
377310
12180
824600
373330
332790
39540
255070
1557990
357070
16730
702320
73010
620350
635200
1555710
979920
994140
361300
544550
785260
648430
866440
383230
734580
412210
395520
2135970
216890
361990
298520
1393960
45770
352720
782670
225360
373720
324080
804490
352520
92000
306410
388080
1097350
1942660
803050
979120
577940
437160
359310
214830
214250
1292040
98900
2709600
748940
286000
732730
1069660
938560
2634950
559210
2716400
768200
404680
251730
1680880
260750
227220
6310
541200
512640
432350
672630
2792610
310510
907650
1665900
256190
285580
281640
1672500
232810
238910
877200
2500
111900
880850
2407270
609920
1507580
1346070
2452090
2086430
331870
672640
619400
684680
21680
1266840
390560
387970
667870
200020
1996010
955740
1735950
2276930
242960
1274290
1775490
382900
1548850
307670
7530
490110
1929870
2356780
288060
623550
1785650
1939160
2676840
581630
1167450
1658040
835960
1621070
515220
535480
2132850
1575870
804010
6510
753660
246070
3056610
33600
503300
702810
348550
266110
1177980
2608350
1944520
483980
206610
490820
594330
787810
1334590
268540
1304680
341500
1280930
246840
1241700
914020
227480
1999360
650000
540900
204630
922460
1957780
251170
1646850
388750
243950
381120
225300
291010
301200
1341230
373770
515470
703860
1073390
375010
2230370
467000
1730630
639790
754530
361190
10220
518030
464350
391270
378100
1395560
952040
461950
394970
788260
628670
468700
1260920
1374840
403120
720560
1094780
1131720
1096570
973230
1238880
296490
2786680
1437760
1956800
1566690
6810
802200
340810
331120
310080
230700
2342950
538680
671440
270790
672870
850190
2140330
354200
992640
2453360
461880
1457930
1599020
2141520
704230
1680070
264120
3179020
564530
215690
429790
111600
292570
570460
412400
15710
517790
1253950
1138190
233150
3027930
292370
271500
602520
2725260
306760
1578390
1426450
728730
1768660
247240
93200
719300
1356670
575700
2106840
280220
1217390
329130
13530
785770
1005300
1348300
2698780
244770
666150
1547890
7610
263620
559100
416600
1058650
2181610
1597790
580910
388160
791930
868020
519140
339200
815780
15370
3720
1150950
973810
1901200
359510
1682970
1265920
1373880
440650
1419160
591370
648390
286340
460120
1389990
367580
3058630
1344350
1067600
349460
350810
2380050
860910
717720
334940
2590
2698940
1814010
2218400
570840
32400
234940
1555290
619700
587520
581130
400110
848480
1075190
521200
484950
1758910
532030
396900
342480
1146310
2157560
505170
271570
228260
801550
1088790
369070
435100
497180
376300
244710
290790
602890
1290330
339580
1092730
37400
386010
274310
444930
524110
2790000
1931770
964800
4780
454540
38720
2726450
55040
469990
216910
530890
779650
427930
1100410
1993150
2285150
963930
2075070
568090
377530
673560
1770630
360870
1063420
532840
562220
1449200
1504500
469730
262150
1058640
1678420
518580
568570
619080
338170
921390
931280
236730
45700
331670
275100
383580
1343670
688130
370770
980610
285010
369000
910490
1069740
384740
250460
314280
298610
247660
555670
1555650
1145960
1196090
507380
1332470
1262060
374080
1866180
783140
2678410
2022670
417890
1708850
1715460
1360000
454910
71230
400370
33670
1787080
595690
338530
1025600
1422440
394870
270170
615610
13500
1135300
1276760
1057990
292620
468560
2429860
598700
223810
646270
530630
1570010
911430
575490
2348120
568780
610670
300580
438080
2190290
215120
441380
887570
860950
345260
334420
616220
540020
461640
1118240
785790
227200
1364800
1697700
208670
463150
680320
2751000
321480
1700870
1763740
497640
355800
1072710
1261040
253880
476460
1887840
374830
227780
2009100
970500
1357210
466660
1953520
280140
3217030
473770
575550
1451090
606500
945490
1209490
331480
236510
3108510
435030
438140
1316910
448280
1880470
584100
20820
2328480
251410
3261750
762830
1410710
1138660
205610
313500
296830
1250870
235400
516510
712730
383330
1405500
230820
1144170
230860
464340
233370
1582650
271860
1242700
987350
829660
2186320
907270
1785150
203350
235900
272230
1118920
1424330
449540
542340
405820
1611430
1158850
649190
1807080
299260
794800
265970
359100
664830
817920
251530
427820
1283400
322680
513450
2294660
585550
1144770
252030
568770
298600
566050
31170
858260
1367160
1696440
1093910
1345890
205190
586030
260730
528740
22340
9000
355150
1677110
2668510
683830
506730
1911360
858210
296050
1146630
317820
9460
329380
3107330
761830
468250
976890
606140
1394270
1409250
936780
1057700
1179080
1199030
1207590
564310
1273710
576770
230050
319180
894940
259020
370510
1600530
33130
409510
1373100
231040
529780
1344800
1353230
395200
107800
1333910
260210
235250
1137300
1764390
228360
735280
292930
263680
742420
491650
1378990
489140
430210
3540
2758000
1159660
227600
22670
207080
373180
209830
407120
232450
2185060
115100
457420
726840
2124780
1100260
558660
1330460
7800
716490
1914580
703950
1222800
223220
211780
385380
16720
513570
591420
1163870
3061810
2477340
2411910
1931730
1162930
420790
405710
251890
1287840
351140
242570
921800
445190
1100620
527100
2440380
770240
979640
1373960
396710
1497440
692660
586350
63710
574640
233610
1701520
298030
434250
311140
378610
274980
929490
762650
1836730
1412510
204860
1055540
612020
1437840
591960
2005010
219950
674520
351910
601220
563560
345890
318230
259130
943380
232750
1082430
561340
815260
465240
7620
2277320
1373810
209190
1206240
253920
1025960
962400
1096200
1190150
635730
1862520
1154790
503350
2111190
1153640
63200
1957240
427250
1410090
2529820
384030
389170
1134100
23450
803140
1334040
773370
361800
327740
1239260
466940
352460
1920780
415860
1702010
400170
219340
696370
477770
523780
838310
314710
1623940
774811
712840
876330
1482860
224460
1485870
579950
1902710
382140
574720
235380
1745510
888090
503580
3121110
347830
656460
688470
545270
1494420
311770
1648390
354380
336520
1282410
200010
1509060
407330
2074800
684580
1141020
1057850
863570
25980
465760
348510
289520
65600
342150
1059990
1560560
404540
311120
496750
342620
1038250
768520
73170
604450
1333720
2751920
1696810
601050
3157850
245050
321150
992490
1230570
296710
1270580
294750
1981610
1561800
330580
3062930
890550
1367300
32330
581270
501320
485450
99700
466270
776490
1859870
1123050
1735700
545700
235360
220160
415880
284240
2273980
378720
283390
434610
209870
1193340
1281080
315460
219680
361550
1202900
1569580
1887760
287630
13540
368730
1928870
324160
612570
374900
391040
1218500
606230
1835350
367120
1622910
774461
600130
2321210
3361470
22230
399790
1057430
507490
286790
466730
1000410
993870
801480
828070
253110
308000
1337760
2143770
2832640
289090
451020
2651330
3036080
319570
529110
786520
317250
43000
1641960
391420
431600
1301390
368620
502090
207350
245490
843390
1067540
408930
367670
345330
343740
466630
834740
1602010
1377360
1122050
97330
345220
1135810
3156770
389140
256370
1570070
2933130
250380
1009290
3035570
1183800
6120
735850
1449280
2361680
1437830
626610
896590
238210
349440
529840
226620
1018830
1029500
1743470
2113850
55140
1764910
33530
364210
1210250
434730
281920
57740
361630
417430
296910
496440
2221920
12770
1150640
682290
2375550
651150
3620
1257360
1421230
330350
537430
221810
1492930
267490
764570
857350
1760250
1289810
301120
2379390
4720
1215390
705120
431250
956030
715400
290770
1183840
579180
760650
418180
1194810
1606340
22450
1139940
1263370
998930
763410
281750
1585220
1408610
985830
204120
312150
253860
1525770
1568330
108500
598960
981430
915580
1131620
615120
248170
385710
344230
232790
2334220
810040
63910
1004750
2161440
596970
534370
1378360
1016790
1001270
1058830
270210
500710
656610
356400
1526490
901399
613900
619780
2432990
1954420
530390
57640
855860
470260
34470
211440
1211600
301860
1310740
948740
508820
1182310
1684350
1432320
1122720
1551220
2961880
1413870
332200
1201270
282590
2820820
1540150
302270
702890
1921470
836480
1809420
506500
1654660
885570
844590
801630
442810
104600
1816570
207420
496640
493840
2200780
33520
1203710
1494810
1292940
3191030
1103950
224900
2678990
870200
441550
4240
225640
1499520
3028310
1359980
380360
207930
478980
266150
72400
2616460
898920
238240
773790
754150
514970
1137220
1477590
385150
534220
314010
2492490
534820
925570
1053680
1544360
577460
1175460
251110
250110
553540
671610
616090
1173790
533300
1376070
354430
617480
741260
600480
1836740
235720
355050
1012030
660880
1159690
1711950
352550
412290
2328750
351710
235620
1853200
214150
1311070
685310
637670
1103210
275530
22120
719640
300570
1450150
2291060
477740
1711610
1540960
1229240
471010
1160750
720620
1206060
61500
329490
1096900
964350
324570
1478220
283000
963710
1136370
213030
215160
1249040
382050
1458100
508900
852110
475190
1554010
843660
1488640
24880
381640
457730
1084020
1497640
1264250
1567020
843810
1036240
1452650
467390
343860
939510
576470
1637140
490980
345390
325090
2703850
1754840
947940
1115780
225020
553210
914700
24400
2457580
2506160
237430
238750
866140
428430
1201540
2963880
287340
1239320
407230
1051310
448780
250050
1370050
407840
231330
1168660
3046600
758370
996770
48800
431710
1643310
2414580
572520
702050
502520
338810
1154040
7200
1267540
712050
612170
2084000
392950
2069550
34190
633080
1607680
313140
237870
1769170
555150
1708150
2060160
913550
513740
344850
1154810
364690
462680
589870
268400
1306580
1460090
325420
1416260
222440
384570
3228590
242780
20550
2488510
1325400
261760
217140
1069640
265890
623940
2371630
205020
1423410
675560
11140
1233270
860000
1110050
325120
759740
631570
1415480
1517960
821250
1546320
455980
1328840
983870
1058770
446020
21670
230980
1127110
1409670
2892910
384980
1608230
1432100
22180
707680
1490610
393430
616720
2704110
487720
571260
15300
2479830
842100
1568450
2366980
63610
368180
343100
497860
719890
908500
862690
292000
275670
1683370
21800
2688950
450670
1126310
414740
564230
1771340
270090
8880
791330
738540
1420290
1407450
446030
371330
2497920
625430
347800
11200
235320
1904860
251230
1382070
399670
1574240
1491670
1807810
1341400
614460
1182110
1999520
592580
241240
1770080
320430
485330
1173780
410380
412170
2890830
3020510
1664670
215630
283290
1269370
476360
2901520
2360
41014
32420
1477050
1008710
455910
1846170
390710
33910
255280
1552350
436160
755540
2832560
507010
461870
48950
1585180
462960
420970
15750
626680
407560
1108590
253840
792120
546930
18300
914010
1781160
989440
434030
2539350
1485590
1178160
718560
438010
274620
1708010
982510
46560
7860
1557060
1220150
445720
46480
969760
2916430
363150
743390
2173740
459090
390030
1462810
3185510
610180
2478970
797400
306660
335430
510630
2281610
39800
281940
493320
982290
757130
553260
344300
1863750
1500380
2026070
248650
1304550
562270
1081510
25830
1919460
224980
205840
70110
1123830
411370
883360
1815570
209630
1424720
407060
1096550
329830
208520
222420
803600
2152190
2215260
1634150
1416920
330820
314830
1765980
15390
1169740
1157250
860890
1634860
1347430
219700
1419860
662830
1018020
1879330
679110
207570
226100
1575940
1089710
781030
831560
2069900
359610
265770
1166140
689300
313480
1342620
3481760
393520
295690
1722620
674690
1506980
1205240
1266560
1969930
2287520
344910
1528130
1406040
292380
282560
1444110
1869990
1038370
1009990
6300
560710
1232420
556160
1639080
1353270
2640940
906810
252350
2742830
346250
562230
1167140
230070
1560250
582550
248530
2026280
246090
283680
1730700
47410
643960
464780
609940
211360
366870
439250
228560
1111210
390570
1227650
12160
1105500
288140
63000
269190
19000
397740
1218900
228180
357280
209790
434420
45750
42170
447290
207150
683930
272270
555210
1681970
765410
580200
528660
783170
1070710
619340
310360
475630
451520
1368620
7770
526740
339400
505750
1368820
2290000
678900
629910
63700
2394440
2647230
15210
1875830
1104660
537340
275200
1020780
1768650
701900
980300
658470
538590
994930
2810160
846870
297860
2610
844930
1574310
358130
2667430
463210
1043810
254200
2144120
2344320
353560
1653060
774201
761460
254480
640380
648410
787790
1090630
452490
357480
998740
1128860
789100
2556990
205730
1510460
1563110
1590760
288370
1106880
2106520
665090
330390
1307580
609490
2244130
2638370
1546540
1608640
996380
242820
1578860
1845760
740080
934840
1590180
252630
323720
3148860
24670
864060
414580
663090
1455630
1205450
249190
1227800
1289380
486360
339230
790600
469610
509220
1695840
566440
2376980
301320
742250
678830
42990
761600
1773390
527750
585950
299720
425210
1309
2482630
362610
669580
743370
314810
258090
3059070
525920
370020
722060
2644470
2293440
1775390
346810
2719030
748300
1498570
425220
2160220
1142130
262120
1786790
839910
360890
366220
3014080
1397390
301700
588210
205990
313630
1143810
1694560
333980
387840
2291760
202310
628750
40980
290080
1566200
623280
385370
2431600
407900
1769640
214550
418650
1718870
1927740
201510
322210
2179650
736850
1029890
1465070
495560
1801650
1667400
735360
259530
25990
63940
49470
1715730
418950
385600
2825530
1874170
1333200
396480
402130
1186040
2024230
1625080
305840
9500
516110
241620
562500
343750
658480
2251630
244430
202130
2059170
1368340
2082040
217790
340460
347620
254460
1017100
908520
1726400
414120
2996040
98300
524580
799860
343390
298480
424000
453850
1552550
1241950
1375900
1889040
690810
209100
306670
878750
1061880
294810
1225590
503770
242840
233740
347430
225160
3250160
577230
1284820
259550
656240
1123450
633060
708420
557400
1176710
1083600
1147030
1436700
400740
322450
1633740
351490
330000
544610
711990
255300
1545450
262260
430960
377900
978270
241320
2224640
368590
1175140
1191210
1629530
2141690
1724470
1675830
3109580
1768280
222160
15190
224000
843200
385400
254080
24420
1287180
261490
251130
233350
1044980
431940
1349060
337150
6200
1201630
1389260
1196470
262830
712190
2067920
3154940
508550
1676600
1622900
275470
861250
315260
312200
1037020
418670
248470
292160
2435900
651660
855010
2517500
1132730
300820
1900340
1026820
270050
405830
604330
585830
1271280
461890
2340650
1119060
351800
635880
554330
285130
1135240
1026110
720280
1245560
834150
41300
234160
500260
1546570
270630
1414210
757210
779290
252470
765710
1587560
2269120
511680
2640
715310
1392750
812040
743640
302610
438490
70620
940680
457210
1572470
686190
306200
447150
371200
360640
2395210
209060
366760
1670
508390
1028310
65560
1391940
1067850
1180030
358310
1583780
63500
1514930
438420
1101450
1766060
453890
392280
314250
583490
1747650
265330
1456280
493720
936500
1099410
1918040
1173800
1058380
1508030
70420
1168880
1158940
2233790
269730
474830
743900
221180
1216060
683900
1684930
573410
1040420
578720
228760
1278540
1580240
539450
1201230
588040
371570
1085260
411830
2695490
1768780
420060
2257590
250700
1534980
992070
1411910
1049280
1735420
265690
274230
1341820
238280
304410
2019810
1851280
271920
2224850
228960
526790
722960
284460
549090
1830970
2318310
483770
452230
488310
343630
507390
302010
414870
290890
295650
2099110
91900
1148760
817540
711540
799640
434210
96800
1293180
41800
1808680
2667500
292330
410670
340320
1248990
222640
853770
2235240
294160
347160
305640
233190
11390
2303350
855740
739540
901735
496620
39670
350990
421060
397100
694130
525480
400080
962580
230840
1805360
1504020
1070580
349500
1075740
1365930
1901370
3107800
918820
345660
530320
303690
267130
251690
211260
396280
1603180
39550
315330
2876350
2502760
1376470
432470
416450
1124180
264280
868520
586620
108110
1340480
23400
521150
2336720
1596310
2159210
70120
348670
1188930
40720
326180
496810
1078350
496890
339190
1946970
600370
936140
657240
1363810
1516240
502800
1046470
1470940
2523120
1199640
2022180
1091320
772430
314520
2826180
1995490
280360
382420
398680
382080
2093910
1191120
254440
1383550
243450
492840
1494840
105800
799070
1018010
1106530
1609730
45300
798490
435440
258200
1049320
80310
885150
1895350
1048100
280680
1100990
1937780
1269950
520940
57620
442780
8400
1265930
651090
217690
1109460
1231880
1015140
1020470
310790
460060
412730
1885110
444410
1300
1984490
362130
328760
265610
15000
2714970
1538570
1011190
291860
463060
1012840
997380
1448030
2014780
416080
257830
299030
2828500
1477900
765880
928960
989690
1019310
2011470
546090
1731070
1484900
1848450
774541
49300
449220
1284080
1121720
2446600
48110
631980
584640
292390
33610
365160
497400
890720
577670
795580
2139020
2059550
523000
537450
282210
2671970
1008580
215670
252670
2154530
1689500
1408230
399090
278100
237890
277890
1777620
1472660
1678060
1988550
871530
351510
4800
793490
334120
227000
1784160
717560
1947070
355920
282400
1809700
2533960
909470
236130
2153950
2026290
259320
46250
244870
421040
1377150
2082300
416590
1341960
1337010
909750
360730
1919040
1157220
289760
1140630
287100
1133730
2649800
799240
70640
111800
1369760
4890
1178050
1985820
385830
514080
1721060
351290
1141530
916730
284930
544180
1305300
656600
320820
65730
424830
262390
1227280
295670
641960
1628130
358270
950180
622440
744810
1382800
1136870
301690
1518770
11150
2951770
2306590
336140
259340
2461850
528060
391660
294230
582270
995460
1042800
994200
33220
586110
491130
315060
115220
2400340
1133760
47700
273500
653930
1306570
2304990
439370
397500
322780
389040
1195290
410980
1813150
596650
1258040
1999170
2195410
1683150
733070
2400160
290280
223870
738190
1569090
414730
346850
539440
319970
730820
757300
509420
226120
58520
1866880
2230280
2154820
1266700
691730
1554790
257690
2497900
1249970
335190
442710
348360
555950
848030
1723260
9180
381780
529590
11190
326120
1194840
11340
432100
253330
2324230
591460
207320
703700
346950
1574820
988480
361890
1658280
762240
303800
300220
771430
252170
803030
355130
2066490
729460
727130
939520
842180
269710
556280
463170
1933700
2625420
916350
450860
505330
1507190
1316230
601010
248710
1150530
1148510
1161590
201830
603750
1612620
2331420
338390
522090
1256610
740470
1310990
561600
682130
2591280
350110
1296840
2492300
1093720
70100
490230
518060
1232580
1512860
567980
2379910
2458530
